952.50  482296.98
2100.72  471531.27
3084.90  462096.16
4069.08  452661.04
5053.26  443951.71
6037.44  435605.26
7185.66  425444.37
8825.96  414073.84
10138.20  402703.32
11778.50  392300.50
13090.75  380929.98
14731.05  370527.16
16043.29  359156.64
17683.60  348753.82
18995.84  336899.45
20800.17  327827.22
23260.63  318755.00
26213.17  308594.11
28673.63  299884.77
31134.08  289965.80
34086.63  278353.36
37039.17  266498.98
39991.72  254644.61
42944.27  243032.16
45404.72  233113.19
47865.18  223194.23
50817.72  212791.41
53770.27  204082.07
56722.81  195372.74
60167.45  186119.07
63612.09  176502.51
66564.63  167793.17
69517.18  159083.83
73946.00  148922.94
79851.09  144326.35
85756.18  140818.42
91661.27  137189.53
97566.37  133681.60
103471.46  132109.08
109376.55  131504.27
115281.64  131383.31
121186.73  130778.49
127091.82  130173.68
132996.92  130052.71
138902.01  129326.94
144807.10  128843.08
150712.19  128601.16
156617.28  127996.34
162522.37  127512.49
168427.47  127149.60
174332.56  126786.71
180237.65  126181.90
186142.74  125698.05
192047.83  125456.12
197952.92  124972.27
203858.02  124246.49
209763.11  124125.53
215668.20  123520.71
221573.29  122915.90
227478.38  122794.93
233383.48  122069.16
239288.57  121585.30
245193.66  121343.38
251098.75  120859.53
257003.84  120375.67
262908.93  119891.82
268814.03  119528.93
274719.12  119045.08
280624.21  118440.27
286529.30  118198.34
292434.39  117714.49
298339.48  116988.71
304244.58  116988.71
310149.67  116262.93
316054.76  115658.12
321959.85  115537.15
327864.94  114932.34
333770.03  114448.49
339675.13  114085.60
345580.22  113601.75
351485.31  113117.89
357390.40  112634.04
363295.49  112271.15
369200.59  111787.30
375105.68  111182.49
381010.77  111061.52
386915.86  110456.71
392820.95  109730.93
398726.04  109730.93
404631.14  109005.15
410536.23  108521.30
416441.32  108279.37
422346.41  107674.56
428251.50  107190.71
434156.59  106827.82
440061.69  106464.93
445966.78  105860.11
451871.87  105376.26
457776.96  105134.33
463682.05  104650.48
469587.14  103924.70
475492.24  103803.74
481397.33  103198.93
487302.42  102594.11
493207.51  102110.26
498128.42  101203.04
